
Call:
PCA(X = data, graph = FALSE) 


Eigenvalues
                       Dim.1   Dim.2   Dim.3   Dim.4   Dim.5   Dim.6   Dim.7 
Variance               2.753   1.040   1.017   0.908   0.564   0.461   0.256 
% of var.             39.327  14.863  14.534  12.974   8.052   6.587   3.664 
Cumulative % of var.  39.327  54.189  68.724  81.698  89.750  96.336 100.000 

Individuals (the 10 first)
         Dist    Dim.1    ctr   cos2    Dim.2    ctr   cos2    Dim.3    ctr   cos2   
1    |  1.752 |  0.449  0.024  0.066 | -0.254  0.020  0.021 | -0.577  0.108  0.109 | 
2    |  2.952 |  1.869  0.419  0.401 |  1.186  0.446  0.161 | -0.913  0.270  0.096 | 
3    |  1.789 |  1.246  0.186  0.485 |  0.112  0.004  0.004 | -0.306  0.030  0.029 | 
4    |  3.300 | -0.724  0.063  0.048 | -0.079  0.002  0.001 |  3.004  2.928  0.829 | 
5    |  2.833 | -2.479  0.737  0.765 | -0.528  0.089  0.035 | -0.575  0.107  0.041 | 
6    |  2.938 | -2.382  0.680  0.657 |  0.809  0.207  0.076 | -0.701  0.159  0.057 | 
7    |  2.349 | -2.006  0.482  0.729 | -0.409  0.053  0.030 |  0.401  0.052  0.029 | 
8    |  2.669 |  2.431  0.709  0.830 |  0.083  0.002  0.001 |  0.889  0.256  0.111 | 
9    |  1.878 |  0.669  0.054  0.127 |  0.214  0.015  0.013 |  0.865  0.242  0.212 | 
10   |  2.023 |  1.350  0.218  0.445 | -0.211  0.014  0.011 | -0.497  0.080  0.060 | 

Variables
        Dim.1    ctr   cos2    Dim.2    ctr   cos2    Dim.3    ctr   cos2   
DIFF |  0.827 24.866  0.685 |  0.069  0.457  0.005 | -0.057  0.324  0.003 | 
R2   |  0.847 26.039  0.717 |  0.143  1.963  0.020 |  0.110  1.179  0.012 | 
R7   | -0.749 20.387  0.561 | -0.242  5.608  0.058 | -0.091  0.810  0.008 | 
R8   | -0.005  0.001  0.000 |  0.010  0.010  0.000 |  0.983 95.028  0.967 | 
R17  | -0.421  6.449  0.178 |  0.353 11.955  0.124 |  0.071  0.496  0.005 | 
R22  | -0.103  0.386  0.011 |  0.900 77.798  0.809 | -0.096  0.901  0.009 | 
R32  |  0.776 21.872  0.602 | -0.152  2.208  0.023 | -0.113  1.262  0.013 | 
